# blastn
# Iteration: 0
# Query: 
# RID: B9P5EEWR014
# Database: core_nt
# Fields: query acc.ver, subject acc.ver, % identity, alignment length, mismatches, gap opens, q. start, q. end, s. start, s. end, evalue, bit score
# 72 hits found
Query_6386015	NM_171827.4	100.000	60	0	0	1	60	92	151	5.02e-21	111
Query_6386015	EF635494.1	100.000	60	0	0	1	60	13	72	5.02e-21	111
Query_6386015	DQ896638.2	100.000	60	0	0	1	60	26	85	5.02e-21	111
Query_6386015	BC025715.1	100.000	60	0	0	1	60	9	68	5.02e-21	111
Query_6386015	AK124156.1	100.000	60	0	0	1	60	1035	1094	5.02e-21	111
Query_6386015	MN688292.1	100.000	60	0	0	1	60	268	327	5.02e-21	111
Query_6386015	AK300089.1	100.000	60	0	0	1	60	445	504	5.02e-21	111
Query_6386015	NM_001145873.1	100.000	60	0	0	1	60	1035	1094	5.02e-21	111
Query_6386015	EF635495.1	100.000	60	0	0	1	60	13	72	5.02e-21	111
Query_6386015	M12824.1	100.000	60	0	0	1	60	91	150	5.02e-21	111
Query_6386015	NM_001382698.1	100.000	60	0	0	1	60	1017	1076	5.02e-21	111
Query_6386015	AY039664.1	100.000	60	0	0	1	60	183	242	5.02e-21	111
Query_6386015	DQ893323.2	100.000	60	0	0	1	60	26	85	5.02e-21	111
Query_6386015	NR_168480.1	100.000	60	0	0	1	60	1434	1493	5.02e-21	111
Query_6386015	NR_027353.2	100.000	60	0	0	1	60	445	504	5.02e-21	111
Query_6386015	M12828.1	100.000	60	0	0	1	60	69	128	5.02e-21	111
Query_6386015	NR_168478.1	100.000	60	0	0	1	60	1588	1647	5.02e-21	111
Query_6386015	EF635493.1	100.000	60	0	0	1	60	13	72	5.02e-21	111
Query_6386015	NM_001768.7	100.000	60	0	0	1	60	92	151	5.02e-21	111
Query_6386015	XM_054475768.1	98.333	60	1	0	1	60	855	914	2.34e-19	106
Query_6386015	XM_034953505.3	98.333	60	1	0	1	60	1175	1234	2.34e-19	106
Query_6386015	AK097942.1	98.333	60	1	0	1	60	123	182	2.34e-19	106
Query_6386015	XM_054677992.2	98.333	60	1	0	1	60	563	622	2.34e-19	106
Query_6386015	XM_063788987.1	98.333	60	1	0	1	60	1527	1586	2.34e-19	106
Query_6386015	XM_057301276.1	98.333	60	1	0	1	60	1741	1800	2.34e-19	106
Query_6386015	XM_016948909.4	98.333	60	1	0	1	60	2822	2881	2.34e-19	106
Query_6386015	XM_054677990.2	98.333	60	1	0	1	60	563	622	2.34e-19	106
Query_6386015	XM_016948910.4	98.333	60	1	0	1	60	2822	2881	2.34e-19	106
Query_6386015	XM_054547954.1	98.333	60	1	0	1	60	842	901	2.34e-19	106
Query_6386015	X60223.1	98.333	60	1	0	1	60	4	63	2.34e-19	106
Query_6386015	XM_019020822.4	96.667	60	2	0	1	60	844	903	1.09e-17	100
Query_6386015	XM_063695471.1	96.667	60	2	0	1	60	184	243	1.09e-17	100
Query_6386015	XM_019020821.4	96.667	60	2	0	1	60	844	903	1.09e-17	100
Query_6386015	XM_055242813.2	96.610	59	2	0	2	60	688	746	3.91e-17	99.0
Query_6386015	XM_004090444.2	96.610	59	2	0	2	60	886	944	3.91e-17	99.0
Query_6386015	XM_058428296.1	96.610	59	2	0	2	60	1429	1487	3.91e-17	99.0
Query_6386015	XM_003268783.1	96.610	59	2	0	2	60	886	944	3.91e-17	99.0
Query_6386015	XM_055242814.2	96.610	59	2	0	2	60	99	157	3.91e-17	99.0
Query_6386015	XM_032177117.3	96.610	59	2	0	2	60	1583	1641	3.91e-17	99.0
Query_6386015	AC278717.1	100.000	46	0	0	1	46	24043	23998	3.04e-13	86.1
Query_6386015	AC278255.1	100.000	46	0	0	1	46	11206	11161	3.04e-13	86.1
Query_6386015	AC278291.1	100.000	46	0	0	1	46	15931	15886	3.04e-13	86.1
Query_6386015	AC278824.1	100.000	46	0	0	1	46	59073	59028	3.04e-13	86.1
Query_6386015	AC278875.1	100.000	46	0	0	1	46	138103	138148	3.04e-13	86.1
Query_6386015	AC278275.1	100.000	46	0	0	1	46	80499	80544	3.04e-13	86.1
Query_6386015	NG_011608.2	100.000	46	0	0	1	46	22575	22620	3.04e-13	86.1
Query_6386015	AC278303.1	100.000	46	0	0	1	46	53935	53890	3.04e-13	86.1
Query_6386015	AC278686.1	100.000	46	0	0	1	46	116862	116907	3.04e-13	86.1
Query_6386015	AC064848.5	100.000	46	0	0	1	46	17520	17565	3.04e-13	86.1
Query_6386015	AH003215.2	100.000	46	0	0	1	46	216	261	3.04e-13	86.1
Query_6386015	M27161.1	100.000	46	0	0	1	46	622	667	3.04e-13	86.1
Query_6386015	AC278399.1	100.000	46	0	0	1	46	70153	70198	3.04e-13	86.1
Query_6386015	AC278600.1	100.000	46	0	0	1	46	12953	12908	3.04e-13	86.1
Query_6386015	AC278788.1	100.000	46	0	0	1	46	76710	76665	3.04e-13	86.1
Query_6386015	AC278356.1	100.000	46	0	0	1	46	40001	39956	3.04e-13	86.1
Query_6386015	AC270687.1	100.000	46	0	0	1	46	98964	98919	3.04e-13	86.1
Query_6386015	XM_002757566.5	91.525	59	5	0	1	59	183	241	3.94e-12	82.4
Query_6386015	DQ189217.1	91.525	59	5	0	1	59	39	97	3.94e-12	82.4
Query_6386015	AC205296.4	97.826	46	1	0	1	46	166659	166704	1.42e-11	80.5
Query_6386015	XM_045550037.1	97.674	43	1	0	12	54	554	596	6.59e-10	75.0
Query_6386015	BK063600.1	95.652	46	2	0	1	46	517659	517614	6.59e-10	75.0
Query_6386015	XM_045550038.1	97.674	43	1	0	12	54	919	961	6.59e-10	75.0
Query_6386015	XM_045550036.1	97.674	43	1	0	12	54	809	851	6.59e-10	75.0
Query_6386015	XM_045550035.1	97.674	43	1	0	12	54	724	766	6.59e-10	75.0
Query_6386015	XM_069494695.1	95.652	46	2	0	7	52	10	55	6.59e-10	75.0
Query_6386015	BK063602.1	95.652	46	2	0	1	46	518062	518017	6.59e-10	75.0
Query_6386015	XM_012644199.1	95.652	46	2	0	7	52	49	94	6.59e-10	75.0
Query_6386015	BK063603.1	95.652	46	2	0	1	46	321230	321185	6.59e-10	75.0
Query_6386015	XM_045550034.1	97.674	43	1	0	12	54	919	961	6.59e-10	75.0
Query_6386015	BK063601.1	95.652	46	2	0	1	46	982104	982059	6.59e-10	75.0
Query_6386015	XM_069494696.1	95.652	46	2	0	7	52	13	58	6.59e-10	75.0
Query_6386015	XR_006734755.1	97.674	43	1	0	12	54	919	961	6.59e-10	75.0


